2489.51
4501.65
3569.98
4355.81
3933.89
3803.34
3223.46
3066.18
1980.63
2309.94
4037.06
4077.61
4097.89
3614.46
4105.21
3051.93
3322.62
3893.81
3963.25
2979.49
4807.65
4223.33
4082.13
3638.01
3134.66
3862.06
4296.53
4070.09
4485.37
2134.79
3601.01
4407.57
4062.78
3750.73
3882.17
4866.89
4157.7
3552.65
3853.45
2344.87
4106.73
4284.89
2309.79
2352.26
4682.37
3946.42
4013.57
3059.46
3998.17
4069.65
3718.57
3154.18
3940.57
4135.89
3886.01
3903.78
4261.25
4812.37
2326.07
3086.38
4376.17
4300.73
3029.66
3973.81
2744.38
4075.65
2569.57
2883.66
3826.45
3313.54
3986.33
2110.99
1629.55
4936.97
3568.26
3084.02
3902.29
2611.87
4189.17
4196.57
5030.81
3069.37
4069.17
4138.61
4200.45
4095.57
4421.73
4412.53
2874.94
3648.57
4623.97
1297.47
2789.3
4219.61
3344.17
4221.65
4353.57
2973.58
4406.53
3070.02
2531.94
4075.09
3393.49
2157.99
3830.73
4634.93
2386.79
1752.63
3750.93
3788.01
2977.01
2675.87
4983.76
2049.63
4457.33
4620.97
4574.29
4299.49
3837.81
3956.01
4827.61
4366.89
3883.42
4351.69
3918.61
3815.54
4408.01
3687.26
4441.01
4215.33
4089.53
3749.73
3868.26
3958.09
4329.85
2229.15
4476.69
3210.82
4487.17
4386.09
3411.49
2899.94
3266.46
3110.74
4718.97
4121.57
4559.12
3176.38
4388.33
4133.01
5144.89
4412.78
1547.55
2434.51
4539.81
4927.61
4043.62
3348.29
4242.29
3268.09
2739.74
3360.62
3624.93
4548.37
4038.49
4736.45
4623.81
4015.78
3444.17
4841.45
4662.69
2554.87
2555.79
3985.9
3407.62
2789.58
4616.37
3666.73
2827.7
1145.11
2299.07
3474.38
4593.78
3705.45
3721.98
3462.62
4478.17
3699.37
4465.17
2010.35
4292.97
3850.89
2254.22
4112.73
3362.42
2887.65
4252.21
3253.42
4552.61
3253.54
4673.65
3926.62
2723.94
4635.33
3418.13
1733.91
3478.46
3511.73
4163.61
4072.65
3839.57
3260.46
2079.71
4813.01
4776.01
3579.7
3712.37
2814.58
3216.82
4820.61
3605.85
2588.51
3543.93
4316.65
3901.09
4456.37
4768.17
2687.22
4409.49
3991.81
4087.09
2293.71
4030.78
2863.51
4170.21
3761.45
4312.78
4627.89
2927.3
1993.63
4266.81
4540.89
3632.85
2763.51
2436.79
3937.01
2371.79
4075.57
3502.17
4179.93
3599.81
4654.73
4175.13
4097.34
3823.13
3434.9
3987.73
4229.93
2386.58
3647.17
3105.54
3166.82
4365.25
3066.3
3951.21
4103.29
4256.37
4930.4
3950.49
3764.42
3610.45
4134.45
3903.53
4003.78
3542.26
3318.26
3424.9
3625.7
4236.81
2575.22
2883.46
2054.63
3885.34
4268.78
3687.62
4364.57
4038.78
3434.46
3912.34
3456.45
1027.39
3527.21
3854.37
2621.22
2039.99
3887.65
3876.21
2893.38
4290.45
4140.29
4301.25
3729.26
4320.13
5013.53
3867.17
4559.81
4184.09
3901.89
3914.25
1781.27
4625.89
3896.73
2065.99
4455.53
4583.93
2210.71
3516.06
3666.34
4334.7
4911.53
3884.62
3810.78
4562.25
3553.46
3719.9
2675.22
4254.93
4153.89
3323.18
1358.11
2976.02
3382.82
1817.91
4939.01
4830.04
907.67
4289.04
4351.65
5027.17
2790.94
4599.01
4633.57
4024.7
4419.29
4110.81
2879.87
3065.46
3586.42
4306.45
4408.57
4214.01
4983.89
4390.09
4037.53
4416.25
4044.65
3983.93
3643.73
3883.53
3706.45
4609.97
3668.62
2567.79
4138.57
3814.17
4462.45
3845.06
2617.54
4279.53
4379.33
3050.94
4411.21
3007.9
3245.1
4135.37
3887.57
4216.17
3868.85
3445.37
4388.85
1132.39
4099.73
4214.17
1357.47
4223.21
3419.21
4373.65
3235.74
3869.89
2974.38
4323.89
3436.21
2953.18
3355.09
3580.62
4480.45
3695.26
4118.73
3988.25
3921.01
3863.53
4075.21
3425.1
2193.71
4122.45
1794.27
4146.17
4090.61
3309.02
3326.26
3837.57
3459.82
3684.89
3867.13
4039.57
4380.93
4276.61
3649.65
4271.45
5481.33
3917.65
1702.55
3670.98
4027.89
4452.29
2205.43
4193.65
2948.18
4759.69
3926.25
4572.45
4898.81
4690.97
4047.01
3742.57
4701.93
4236.09
3305.62
4138.09
4213.78
2558.93
4073.21
3409.26
3960.61
4214.61
1950.63
2162.79
3117.58
4241.37
3844.09
5043.25
4360.34
2709.87
3607.34
3961.7
4029.09
2363.38
3548.81
3606.13
3574.82
3533.26
3957.53
4073.81
3542.54
4560.09
4658.45
3513.26
3862.21
3776.37
3547.65
4280.29
2092.79
4216.17
2257.35
2488.15
3214.94
3804.21
4361.21
3867.89
4218.01
3713.06
3617.45
2138.15
4273.29
4409.89
4040.57
3796.49
3566.53
3233.74
3624.17
3075.1
2336.07
3901.81
4042.21
3471.38
3900.73
4244.81
2965.02
4335.13
3646.7
4514.01
3498.46
4889.45
4243.4
2507.51
2664.87
2443.43
3092.82
3965.17
2771.3
3828.98
4037.57
4468.89
4480.93
1183.83
3701.81
3360.98
4495.89
3022.94
4479.89
3882.85
3707.17
3740.01
1925.71
3632.17
3321.98
3287.57
2503.22
3531.98
4900.89
4404.42
3145.02
3955.42
4326.53
3725.09
4765.97
2801.46
3347.85
4270.33
4128.25
2526.87
3479.62
2640.3
3901.17
2971.74
3427.37
3888.89
4118.49
2759.58
1460.91
3886.62
3758.29
3889.78
3593.37
1408.47
4076.21
3175.46
3909.45
4165.89
3777.29
3956.89
3520.73
4118.33
4102.73
3720.26
4124.09
4099.01
4945.17
3619.26
4590.25
3244.62
2972.94
4536.37
4371.73
3675.17
3942.13
1787.91
3497.62
3569.13
1251.11
3689.17
2661.15
4258.17
2561.15
3433.93
3678.13
4688.97
4041.93
2483.79
4035.89
3979.98
4064.73
4099.13
1982.63
4138.09
3814.29
3995.25
4619.17
4180.37
4215.65
4675.65
3283.26
4125.81
3470.81
3176.02
4171.85
1444.83
3048.78
4658.53
4224.62
4013.49
4624.81
2850.3
4134.93
4298.37
4458.13
3987.98
4115.17
1980.94
1588.83
4880.89
2197.15
3133.78
3832.53
4045.42
3522.29
3546.06
3869.17
3661.37
4630.37
3948.65
4660.89
3893.98
2446.15
3039.38
1725.27
3737.01
1020.03
4601.17
4140.78
2913.58
4466.37
3848.78
2945.38
4618.09
4977.53
3610.49
4210.49
3942.73
2098.07
3949.29
3712.34
4292.93
4106.17
4588.53
3756.78
4902.45
3594.18
3485.98
3178.1
4339.93
3228.26
3863.26
3945.7
3731.85
2413.79
4219.89
3726.01
3192.62
2403.43
3929.97
3005.94
3724.81
4901.45
4551.69
3071.38
4300.29
2121.71
3738.9
3359.46
3693.89
4655.81
4893.25
4122.45
3197.02
4562.73
3089.3
3919.17
2248.35
2369.82
3700.49
3790.53
3720.17
2747.87
3550.09
2138.71
2916.93
4060.42
4359.29
3299.18
3015.02
3920.78
4182.81
3918.61
3716.54
4537.01
3988.7
3188.02
4213.57
3827.89
3628.21
3807.62
4748.17
3801.57
3147.18
4037.09
2053.43
2820.94
3152.38
3910.73
1683.91
2993.22
2894.74
2255.35
2254.07
3784.9
3182.1
4098.17
3925.7
3864.21
4060.89
3939.09
3681.34
2086.35
2824.46
4095.65
4201.25
3900.26
3403.21
2638.22
2981.38
3514.9
3442.82
1651.91
3551.34
3805.93
4332.37
3835.21
2734.87
3790.93
2163.99
3930.26
4074.17
3496.1
4697.61
3833.61
4453.09
4040.53
3689.54
4100.65
4507.69
4116.13
3939.21
4267.49
4521.61
3327.54
3954.06
3008.46
3595.82
4259.13
3733.09
2891.1
4515.09
5000.61
2916.22
4103.13
3743.9
4640.73
4044.97
2305.43
4550.33
3509.46
3037.01
4602.73
4169.17
3901.01
4285.93
4401.33
3854.73
4050.98
2634.79
3865.13
3721.42
3394.34
4123.01
2508.43
3657.73
4399.85
1886.27
4179.73
3380.9
4606.89
3932.17
3194.38
4796.4
3929.25
3076.78
4236.85
4683.33
4337.85
3842.01
1499.83
4562.04
3098.74
3858.34
2825.3
2163.35
4538.33
2874.1
4712.73
3527.81
4669.57
4266.13
4268.17
3469.02
3586.26
2699.87
3909.62
2098.79
3626.73
4099.53
4035.01
4386.53
1096.39
3496.73
3732.82
3388.54
4142.65
4310.04
3920.93
3490.45
3388.73
3897.09
3460.21
4447.81
4159.01
3228.54
2147.87
4570.29
4387.7
4521.85
4061.65
3195.65
2660.87
1499.83
2403.66
4215.17
3520.13
3006.3
817.31
3158.21
3223.38
3234.46
4124.65
3839.7
3852.85
3528.01
3760.89
3778.89
3503.21
3767.53
5102.69
4444.01
1935.35
4321.21
2649.51
4145.65
3559.37
4400.01
3664.17
3233.73
4036.7
2369.07
3838.65
3800.57
3165.38
4245.53
3391.38
4914.89
3506.06
3558.26
2797.22
4291.33
2788.87
4401.06
4761.53
2792.58
3587.54
2591.51
4511.09
3643.34
3521.7
4317.04
3953.73
2912.58
4077.49
2064.79
3018.38
4431.29
4136.21
3882.81
4070.06
3063.74
4514.85
4436.21
4132.89
2869.06
2914.66
3498.98
2072.51
4034.33
3956.65
4434.65
4293.69
3792.13
3472.7
3723.53
4685.97
2501.43
3774.49
4059.97
3675.01
4478.13
4263.7
4668.69
3905.09
4363.01
3742.73
1293.47
3180.82
4553.45
4230.06
4553.53
3344.18
3606.53
4052.49
4543.21
3277.53
2996.3
4933.4
3236.1
4833.81
3337.9
4047.93
3148.74
3431.38
2681.15
2519.38
3832.26
3395.18
4397.89
3975.62
4425.85
4006.21
1416.47
3714.06
3903.49
3928.42
4380.17
3279.82
4257.65
4381.33
2914.3
4166.37
3318.49
4303.29
2221.71
3070.3
3727.81
4348.21
4534.65
4188.37
3433.06
4473.17
3898.49
4199.37
2859.66
3448.06
4541.53
3732.65
5068.45
3001.3
4101.65
1934.63
2083.07
4252.37
3059.93
2373.79
2376.9
4069.09
2818.58
3951.33
3250.9
2889.94
3009.02
3266.66
2766.82
2690.18
3987.42
3135.02
4496.21
4357.01
3694.18
4094.25
3806.62
3447.7
4097.97
4283.81
4683.89
4236.49
4212.13
2886.02
4063.85
2137.35
2546.87
3108.3
4014.93
4508.45
2003.99
3454.1
4125.13
3686.42
3631.49
2607.22
4625.29
4571.69
4060.7
4536.89
4812.29
4246.09
4317.97
3525.65
4534.53
3735.53
3915.37
2417.79
3491.1
4109.13
4709.4
4355.45
3723.85
2877.3
3965.17
2658.18
3666.54
3596.62
4971.37
4584.61
3942.29
4327.17
3561.17
3749.78
3345.7
4550.17
3387.62
3562.17
2742.38
3056.34
4485.17
4532.61
3508.29
3925.97
4044.01
4048.34
4479.61
3571.93
2630.79
4257.81
1478.83
4097.17
3423.1
3574.62
4094.73
3803.45
4572.81
3397.17
2210.35
3602.29
5093.12
4018.17
3302.21
3640.9
2733.22
3955.34
3129.3
4832.09
3358.38
4450.81
3103.38
4176.34
3452.06
3959.49
4022.73
4109.45
3805.78
4389.65
3488.18
3441.1
2832.87
4317.25
2441.79
3507.62
3646.13
3416.85
4654.73
1644.19
2616.79
4273.53
3911.57
3779.81
3018.46
4631.33
3691.06
3250.06
3517.82
3765.81
3491.13
4780.89
2879.87
3426.42
4319.25
3916.13
4291.01
3545.18
3864.78
3192.78
2628.22
4244.73
2962.58
3466.54
4394.45
4840.97
4585.04
4117.04
4067.73
2560.43
3739.98
3602.17
3951.25
4509.29
4908.65
2827.22
3460.85
3610.13
4068.97
3526.65
2065.71
3298.18
3516.54
4298.49
3931.62
3165.38
4121.13
4547.25
3737.65
3590.62
4375.37
5046.65
3213.26
2548.51
4132.17
4035.09
3704.26
4956.69
3504.18
3846.93
4436.01
4160.81
3551.9
4641.61
4204.53
2950.49
3874.7
4377.01
3603.26
3378.18
3887.73
4165.09
3815.34
4038.17
3483.78
2966.46
2302.71
4305.81
4015.33
3767.21
2998.26
4520.85
3233.17
1687.91
4128.21
4102.37
3986.25
3083.66
3363.54
2031.35
4797.37
3637.9
3341.1
3623.54
3961.57
3629.62
3907.17
4200.85
4336.97
4579.76
3875.89
2884.87
4043.21
3003.22
4114.29
3715.93
4123.69
1372.11
3628.62
4395.65
4632.01
4001.21
4761.81
3656.73
3987.73
4167.57
3882.42
4113.06
4239.73
4250.85
4582.37
3173.1
3440.62
2499.87
4241.97
4035.45
3935.49
3710.42
4190.01
3464.46
4500.4
1595.91
2675.34
4518.17
3892.25
3305.9
2446.22
3104.74
3282.13
3979.17
3638.9
4174.65
3237.38
3235.66
3735.25
3775.06
3446.13
3569.65
3909.89
3284.46
4784.45
4548.73
3614.17
2194.07
2247.51
3003.3
4375.53
2023.99
2988.66
2188.35
3699.29
3518.06
2503.51
2498.38
3646.21
2744.13
3684.7
1929.35
3935.57
3663.73
3578.57
2637.51
3830.97
3992.25
3809.73
2859.38
3920.29
4285.04
3607.17
1999.63
3424.57
4069.25
3546.37
4268.69
2671.22
3972.45
3807.34
3739.26
4055.85
2402.15
3113.73
3895.09
5007.33
3995.89
3528.49
4251.73
3448.74
3391.38
2723.13
2700.57
3325.1
4397.29
3533.34
2245.87
4855.33
5051.81
4878.93
1884.35
3643.7
1224.11
4282.61
3373.74
4482.53
2002.35
3601.29
2269.66
3850.65
2199.15
4019.61
3768.21
4154.34
2420.58
3781.37
4336.04
4646.45
4488.89
4003.06
3913.89
3900.57
2100.35
4004.17
3455.98
2823.51
3740.17
4414.09
3540.89
3345.26
4582.01
2961.85
1794.91
3155.38
4376.17
3665.53
3506.81
4519.29
2628.87
1905.27
3446.7
3532.53
3730.89
3626.65
3881.73
4487.37
3521.62
4149.01
3453.54
4699.73
3563.01
3872.25
2585.58
3913.21
3079.38
2641.87
4360.17
3563.82
4364.29
4212.04
5091.76
3670.61
3717.09
3185.46
3180.54
4178.33
4308.61
3593.09
4700.97
3711.85
4407.17
3701.42
2121.07
3735.7
2007.35
4139.17
4251.93
4094.89
4215.17
3416.17
3345.29
3524.37
4548.69
4046.93
3858.26
3619.81
4617.37
4112.25
4525.81
3539.9
4614.25
3244.38
3499.21
3982.49
3958.45
3372.34
3534.89
3806.17
3257.18
4268.89
4251.45
3684.81
3605.98
4559.29
3836.78
4066.65
2985.34
2405.51
4411.53
1820.27
3860.61
4056.34
4069.25
4106.29
4052.06
4745.04
3204.06
2884.66
3673.81
4082.21
5319.97
3984.61
4936.45
3959.09
4334.69
4662.97
4421.89
3649.97
3821.26
4191.37
1885.27
3454.9
3867.13
4097.89
3700.01
3476.57
3939.7
4120.97
3127.94
3547.01
3923.25
3852.45
4825.81
3998.81
3456.13
3398.21
3668.82
2755.94
3780.13
2431.58
3923.17
4788.25
4221.17
2911.22
2977.66
3333.46
3421.98
3449.37
2361.79
1964.63
4394.53
3936.57
3680.89
4541.21
2980.74
4515.93
5231.17
4566.09
4363.61
2724.87
4810.53
3959.06
3812.78
3704.81
2084.99
3048.02
3887.42
2510.94
3764.21
4400.29
4157.45
3042.02
3740.78
3762.85
4305.45
3162.46
4433.85
4537.45
3749.57
3298.18
2829.1
4148.97
4614.09
4023.7
3472.57
4693.04
4042.69
4192.25
4155.09
4323.33
4022.37
3347.46
1981.71
3514.57
1952.63
2915.58
2669.58
3919.37
3184.65
4780.53
3519.45
3912.62
4008.89
4051.81
4873.17
3837.78
3904.65
3865.34
2267.51
2593.58
2480.87
3857.17
4383.65
2046.07
2940.58
4674.53
3994.85
3403.09
2344.79
2010.99
2642.87
5353.17
3861.97
4273.37
4681.65
4478.76
4259.57
3841.49
4244.17
3809.98
3637.7
4323.45
3255.34
4431.65
4211.78
4346.04
4343.81
2883.87
3280.13
4111.06
4567.17
4219.4
3669.17
4017.85
3486.82
3825.17
4060.81
3431.73
3495.62
4279.25
4408.65
4205.25
4274.61
2943.02
2585.79
4753.01
3518.42
4332.89
3802.85
3955.06
2790.87
1803.27
4982.61
3995.42
3626.57
2075.99
2763.87
3953.42
1218.75
1999.79
1749.91
4217.93
4825.53
4000.81
2589.15
4091.65
2563.22
4177.17
4045.57
3612.82
4880.61
4429.97
4435.61
3989.37
3759.81
2984.58
3241.73
4656.04
4027.73
4380.37
3997.73
3760.09
3819.62
3296.7
3201.01
3954.97
4049.78
4004.98
3249.82
2714.87
3553.13
3803.73
4186.85
3560.78
4058.53
4139.37
4666.04
4288.25
3572.21
3316.01
3717.21
4388.29
3796.54
4053.33
2488.58
2464.22
3534.98
3248.78
4684.89
4684.45
2289.79
3818.09
2718.94
3583.34
4380.21
3967.65
3848.34
4354.81
3056.66
3886.42
3625.61
4338.04
2875.3
3282.26
3106.58
4005.93
3210.62
3896.49
3835.93
3979.34
4099.45
1913.27
3663.53
4055.01
4304.97
4629.25
3617.1
3787.37
3619.49
4049.09
3721.62
3146.82
3930.25
4339.01
3485.37
4104.06
3481.45
4302.85
3785.73
3583.82
3650.29
4747.12
4108.45
4037.13
2994.58
4673.48
2889.58
2586.15
3931.85
