5725.04
5563.33
5548.33
5835.33
5673.61
5765.69
6030.12
5874.69
6165.84
6100.4
5970.4
5835.4
5566.69
5993.12
5598.97
5879.69
5637.61
5709.97
5584.97
5598.25
6064.4
5875.4
5925.76
5881.04
5828.33
5829.69
5716.69
5749.33
5885.04
6049.12
5909.69
5596.69
6078.12
5613.33
5852.33
5634.97
6083.12
6024.04
5983.04
6018.4
6034.4
5968.4
5830.4
5768.04
6137.4
5665.33
5822.97
6037.33
5738.69
5657.33
5803.33
5600.69
6046.33
5870.4
5873.4
6080.4
5598.97
5738.33
5787.33
6031.4
6062.4
5704.33
5396.61
6380.12
5594.61
5251.89
5754.04
5526.97
5973.4
5940.04
5222.89
5369.81
5727.04
5819.89
5653.97
6242.84
5760.25
6080.4
5887.69
5858.69
5995.04
6076.4
5625.69
5383.89
5302.25
6262.48
6063.4
5803.61
5843.4
5709.33
5726.04
6126.4
6128.76
5857.69
5946.69
5677.97
5773.33
6060.69
5920.76
5421.53
6199.12
5424.89
5951.76
5948.4
6015.76
6224.12
5967.69
5842.04
5731.04
5990.33
5859.61
5688.97
5509.61
5911.04
6122.48
5571.69
5799.33
5864.04
6149.12
5805.33
6031.12
5838.4
5802.4
5531.97
5184.53
6076.69
6104.76
5555.61
5551.61
5994.69
5795.4
5372.25
6144.4
5663.97
5295.25
5691.04
5754.97
6030.76
5552.69
6052.4
5760.97
5995.69
5485.61
6223.04
5678.33
6024.04
5874.4
5834.97
5585.69
5999.4
5877.33
5775.69
5979.04
5647.69
5821.04
5949.4
5558.97
5962.76
5826.33
5798.69
5672.97
5831.69
5877.76
6230.4
6162.84
6133.76
5374.25
5589.97
5949.69
6001.04
6076.76
5780.04
5616.97
6138.04
5421.97
5754.04
6134.04
5766.33
6030.69
6051.4
5799.04
5954.33
