3955.13
4162.73
4257.49
4356.13
4322.57
4521.93
4419.09
3270.82
4630.57
4900.65
4296.37
3961.57
3918.06
4392.49
4666.37
3423.06
4883.65
4504.73
4889.01
4023.78
4770.81
4056.65
4237.13
4844.45
4260.13
3971.7
4851.01
4274.73
4806.93
4850.89
3944.13
1894.15
4462.93
4647.53
4420.85
4141.42
3909.65
3850.42
4183.78
3948.42
4474.73
4084.65
4108.13
4348.73
4647.53
4571.01
2472.38
3353.06
4480.37
4563.29
4139.21
3495.49
4279.65
2389.3
3721.26
4094.85
4581.93
3711.85
3489.06
3781.78
4200.42
4162.37
4218.13
4100.78
4135.78
4486.21
2587.9
4846.89
4437.73
4137.13
4872.65
4511.85
3548.13
4762.09
4835.01
3929.93
2437.66
4413.45
4641.45
4338.21
4337.13
4685.17
4526.49
3333.26
3682.62
4781.73
4743.17
3934.7
3991.42
4438.57
4514.81
4578.01
4506.09
3677.7
3912.29
4207.13
5381.17
3312.13
4494.49
4518.73
4494.21
4491.21
2432.74
3430.06
4363.85
3546.62
4319.85
3852.78
5443.97
4361.29
4202.21
3761.78
4660.65
4914.09
4259.85
3748.57
4616.17
4208.01
3888.49
4205.13
4861.73
4182.57
4228.42
3633.62
3541.13
3860.29
3941.57
4659.37
3312.98
4442.65
4121.06
4450.57
5317.89
3829.06
4082.7
3899.49
3580.06
4867.89
4780.37
5172.97
3818.13
4896.01
4349.73
4847.89
4230.37
4051.65
4614.09
4141.21
3447.7
3908.34
4853.53
3286.06
2741.38
3271.26
4341.57
4441.49
4597.37
4409.45
4070.06
4184.29
4141.65
4275.49
3313.98
4628.37
2406.9
4701.65
4675.37
4181.37
4599.45
3864.78
4214.93
4383.49
4873.45
4931.29
4731.89
3908.42
4791.53
4996.01
4652.21
4286.01
3499.9
4383.93
4546.93
4763.53
2404.74
4851.53
4524.73
4149.29
3993.49
3659.13
4709.93
4589.81
3850.34
4427.73
4351.65
4713.53
4619.65
4683.81
4413.65
4475.45
3019.82
3963.7
5004.61
4698.65
4571.17
4975.73
3917.34
5111.33
4722.93
3129.54
2442.3
4956.73
4318.57
3317.06
4325.29
5406.97
3757.98
3828.57
4979.81
4900.53
4372.93
4542.65
5018.61
4339.78
3698.06
4109.85
4685.17
3678.34
4641.29
3678.42
3614.34
4529.09
3410.98
4825.65
4886.09
4974.09
4148.49
5023.53
3737.06
2889.74
4344.09
3513.49
4960.81
4679.29
