5744.33
5677.33
5667.33
5997.4
5909.61
5712.4
5604.61
6275.2
5644.53
5553.4
5954.76
5815.33
5963.69
5548.61
5830.4
5875.97
5640.89
6045.84
5783.69
5725.04
5716.97
6015.48
5715.33
5628.4
5937.33
5533.17
5879.04
5749.33
5742.12
5862.33
5627.89
5587.45
5658.33
5771.12
6122.4
5598.69
5905.69
5894.04
5941.33
5631.33
5816.97
5838.25
5529.61
5681.4
5823.33
5860.4
5813.33
5813.4
5582.61
6015.4
5837.76
5958.12
5892.76
5674.33
5801.12
6128.12
5893.76
5519.25
5877.4
5949.25
6148.2
5620.97
5722.33
5967.04
5788.12
5593.33
5702.04
5708.45
5653.04
5558.4
5647.33
5886.97
5667.76
6145.76
5554.33
5928.61
5762.04
5948.76
5726.4
5512.61
6134.4
5696.97
5798.25
5770.61
5969.4
5730.69
5946.2
5955.84
5720.89
5763.53
5696.89
6130.48
5701.69
5545.53
6118.48
5707.61
5631.4
5897.12
5720.61
5797.12
5722.17
5977.69
5816.76
5880.33
5505.97
5907.97
5680.25
5549.69
5657.12
5747.4
5498.97
5924.48
5616.61
5776.76
5705.61
5742.97
5865.04
5802.12
5705.61
5846.33
5850.89
5701.33
5702.17
5761.04
5734.89
5851.76
5558.61
5864.76
5953.76
5906.04
5584.53
5735.04
5658.61
5785.4
5936.4
5852.33
5796.4
5798.12
5578.04
5610.89
5845.76
5929.4
5752.69
5687.45
5623.89
5774.53
5670.33
6009.48
6061.84
5802.4
5986.12
5875.25
5617.89
5832.4
5640.76
5865.4
5648.97
5857.4
5675.4
6045.33
5506.97
6150.76
5736.76
5660.33
6047.48
6115.48
5928.84
5609.61
5860.69
5827.48
5771.04
5737.04
5793.97
5774.97
5793.76
5623.61
5817.48
5763.53
5839.04
5699.33
5753.97
5785.61
5818.61
5635.76
5855.89
5666.48
5775.76
5897.69
5747.33
5726.4
5613.25
5603.25
5860.4
5726.53
5811.48
5557.69
5717.97
5891.12
5867.4
5629.33
5963.69
5821.97
5861.48
5889.04
5879.76
5724.4
5752.61
5811.61
5847.89
5781.69
6018.4
6101.84
5467.33
5792.76
5618.97
5698.33
5785.97
5573.33
5743.33
5745.33
5785.89
5859.61
5716.97
5626.89
5912.84
5853.84
5945.12
5694.61
5598.33
6037.04
5692.76
5664.69
5906.53
6050.12
5565.33
5709.76
5933.2
5392.97
5631.89
5988.4
5762.4
5546.89
5603.25
5754.04
5668.12
5574.25
5529.53
5988.97
5646.61
5914.12
5682.53
5556.17
5521.61
5953.76
5542.25
5638.61
5945.76
5997.69
5488.25
6126.69
5700.25
5723.69
5346.81
5788.12
6096.92
5995.48
5965.12
5925.12
5601.81
5616.69
5828.84
6013.48
5775.25
5545.04
5891.97
5746.04
6008.76
5903.84
5710.76
5604.17
5759.61
5619.61
5682.76
5792.76
5527.17
5945.69
5927.76
5772.33
5791.76
5954.89
