5833.97
5905.84
6205.12
5828.76
5852.61
5795.25
5873.12
5864.12
6017.04
5831.12
5772.04
5672.48
6303.12
6124.4
6035.4
6123.12
5971.84
6101.12
5673.25
5825.84
5767.33
6138.12
6212.76
5892.48
5823.4
6162.84
5906.04
5718.33
6028.48
5814.2
5758.33
5788.97
5630.81
5834.04
6332.48
6160.2
6142.48
5978.04
6214.12
5895.84
6008.76
6088.48
5743.61
5609.12
5842.48
6520.76
5739.76
5798.04
6353.76
6179.12
5749.48
5824.69
5872.97
6093.76
6253.48
6114.04
5953.84
5895.4
5833.69
6337.48
6268.84
5556.81
6118.12
6355.2
5717.17
5907.12
5854.76
5841.12
5967.84
6049.76
5916.48
5602.04
5952.56
5976.48
5658.69
5940.76
5762.04
5906.48
5912.4
6234.12
6342.56
5946.12
5880.2
5701.25
5901.4
6013.84
5925.76
6024.84
5891.33
6197.48
5816.12
6011.48
6051.12
5796.48
6139.92
5875.69
6112.69
5738.33
5690.84
5930.69
5569.45
6183.64
5887.48
5888.04
5925.48
6546.84
5840.48
6402.56
6116.48
5615.4
6054.4
5909.12
6004.2
5942.04
5981.04
6387.2
6190.92
6034.76
6027.48
5759.12
5884.12
5491.17
5803.04
5671.33
6006.48
6200.76
5704.12
5944.04
5947.97
6309.76
6220.28
5576.89
6003.4
6030.56
6209.56
5897.33
6010.76
6052.76
5680.4
5764.33
5733.33
6166.84
5453.04
5556.76
5900.25
5767.04
6056.84
5733.12
5899.12
6005.84
5671.04
6159.84
6079.56
5539.33
5676.4
5923.76
5743.4
5684.69
6074.48
6250.2
6299.12
5948.48
5887.12
5625.04
6291.04
6223.2
6334.12
5865.4
5759.61
6066.76
5890.84
6052.84
5529.4
5541.4
5994.69
5971.48
5966.2
6205.2
5964.4
6200.84
5738.76
6053.97
6258.48
6151.84
5495.97
6223.12
6274.84
5892.76
6069.48
6086.12
6070.04
6067.2
5844.4
5839.12
5890.84
5885.04
5983.56
6102.76
6059.76
5640.12
5721.12
5417.61
6138.48
5404.25
5698.97
6143.56
5816.76
5621.69
5917.76
5741.69
6386.64
5798.76
5746.97
5702.04
6410.2
5987.76
6080.56
6152.33
6103.04
6190.04
5638.12
6001.48
5674.17
5527.04
5914.69
5737.48
5994.2
6151.2
5700.04
5978.4
6003.2
6039.69
5943.04
6065.84
5734.69
6309.12
5833.2
6211.2
6086.4
6315.2
5971.76
