4048.62
3876.29
3685.06
4204.61
3633.13
3596.49
3464.7
3496.98
3224.34
3700.09
3951.42
4259.01
3142.54
2372.51
2228.07
3183.82
3633.93
2400.38
3001.66
3613.37
3946.53
4935.29
3825.81
4009.33
2792.02
3065.65
3785.81
4403.37
3627.78
2596.94
4045.53
3441.42
3088.3
3537.62
4210.37
3555.45
4417.65
3674.06
3096.54
3990.06
4367.13
1633.63
4127.53
3889.7
1693.19
1136.19
4844.53
4125.73
2351.15
2864.94
3552.78
3619.57
4318.81
3879.25
4138.37
4139.13
4417.29
4570.57
4259.85
3957.93
4196.45
3917.57
3118.09
2436.15
2782.94
4166.17
4024.17
3509.1
4829.45
4754.29
3384.98
3538.98
3414.74
4694.25
1185.75
3385.62
4577.29
4541.65
2178.87
2453.79
3732.09
4463.85
4266.89
3683.7
4298.81
4337.04
4794.17
4272.78
2963.66
2737.02
2516.15
2790.94
4327.73
2302.43
4680.4
3837.09
4220.01
5040.97
3005.38
3938.81
4178.89
4423.01
3429.18
3917.81
3796.06
3793.98
2738.22
4592.65
2551.58
4535.85
3816.09
4388.49
4118.45
3123.46
2268.71
3879.97
3516.81
4194.81
4484.45
1821.63
4429.53
3933.37
3276.54
4297.09
3270.1
2956.94
3632.98
2330.43
3894.45
3380.13
4031.21
2197.79
4493.73
2910.66
4460.61
3641.54
2625.94
3319.1
3944.37
2846.22
3766.54
4144.73
4028.78
4509.29
1.44
3145.9
4056.61
3618.42
3899.89
3803.21
3425.62
4149.21
3686.06
4240.09
2725.58
3637.34
3484.62
3419.98
4028.61
3899.78
4953.09
2495.43
3981.7
2723.66
2525.58
4983.73
3914.78
4497.65
3938.13
4129.53
3704.54
4354.69
4604.4
4659.25
3697.01
4332.97
2939.1
3457.46
4562.25
3946.45
4015.62
4956.69
3366.42
3357.26
4574.45
3063.3
4203.57
4045.06
2296.15
3622.54
4036.53
3085.3
2571.87
2835.3
3571.06
4102.78
3451.66
4320.97
4536.45
3875.61
3893.34
3064.98
3634.17
2341.07
3879.49
1601.19
4368.69
4254.37
4073.21
3853.85
5117.25
4563.45
3320.65
4347.37
3395.9
4395.53
4523.13
3165.65
4201.57
3881.42
2056.51
1443.83
2961.66
1707.27
3306.1
3911.53
3939.85
4367.33
2228.71
4111.97
3800.62
2206.43
4629.76
2713.85
2965.94
4282.37
2022.22
4379.85
3460.09
3497.85
2482.43
4963.25
861.03
3702.85
3989.17
4265.53
3197.1
4468.73
1867.91
3545.53
4351.33
4107.97
4265.89
3943.34
3698.06
2411.07
4603.4
3715.42
3572.9
3838.98
3765.57
4842.33
4393.21
3982.17
3566.25
1920.63
3788.09
3243.82
1907.35
3421.1
4536.97
3474.7
4358.29
4146.69
3367.1
3922.06
3912.62
1472.83
2497.15
3799.17
4602.73
3781.81
4580.29
1868.63
4106.21
4396.85
3985.97
3728.81
2711.87
3693.37
4462.01
3591.62
1807.91
3088.34
1855.91
3354.74
3775.09
3314.34
1943.99
3881.01
3905.81
4351.57
3180.3
2319.43
4662.25
4621.37
4877.81
2951.74
2543.58
2801.87
4378.29
3294.46
3555.18
3890.57
3684.97
3678.62
4012.97
3933.09
3783.09
3873.81
3194.38
2911.58
4267.04
4116.25
3959.21
3563.9
3998.13
5238.25
3924.65
4277.37
2701.94
3512.18
3939.29
3750.62
2695.58
4403.37
4044.93
3251.38
2498.87
2714.18
2836.66
2332.87
2461.43
4206.42
2889.22
4228.21
3288.18
4473.53
3668.7
4105.73
4159.13
2549.43
2312.79
3475.54
3794.98
4386.7
3862.65
911.03
2748.94
3881.78
4077.06
4127.25
3580.9
3630.62
4411.97
3815.98
2730.02
4265.65
3369.57
3768.33
4025.37
2964.3
2742.51
3681.89
3830.09
1925.35
4178.09
3566.65
1883.27
3532.81
3872.37
3079.38
2642.22
3544.78
4418.61
4132.49
4167.65
4268.73
3999.85
3679.18
4040.57
2956.3
4103.89
1386.19
2519.51
4291.57
3698.21
3954.53
2291.15
4186.61
4148.17
3433.13
3709.81
4435.85
4846.69
3755.21
3497.46
5016.73
4786.4
3038.1
4177.78
4477.45
4090.25
4531.01
4405.61
3840.06
4159.97
3822.49
3736.93
3484.34
4278.7
3996.97
2803.22
4553.69
3645.7
2007.63
3670.01
4387.73
3954.7
4201.21
4329.17
4366.25
5009.33
4307.45
1957.63
2925.06
2819.22
4008.13
2350.43
3884.13
2345.15
4115.65
3227.18
2700.3
4309.49
2703.15
4165.53
4330.17
4408.57
3999.85
4998.81
2695.58
3859.37
2884.22
3443.09
4166.42
4077.61
4134.09
2929.98
3768.34
2419.58
4926.25
3448.42
4289.21
3748.53
2685.18
4691.69
3636.53
4226.04
2030.35
4104.73
4425.29
4864.73
4058.17
3580.34
4153.09
4314.21
3879.37
3854.42
4146.06
2303.43
4677.09
3602.93
4425.76
3513.21
3202.82
3642.1
4040.21
3598.98
4150.21
1543.83
3296.06
3823.53
3954.89
2957.3
3712.13
3822.57
3625.62
4310.61
2548.79
1940.71
1540.55
3825.17
1337.47
4008.29
2243.71
3019.02
3859.85
1199.75
4618.69
4021.01
4662.69
3578.85
4307.53
4782.97
4106.93
3533.26
3785.57
4824.01
4057.85
3956.21
2825.74
3997.85
4168.93
1616.19
3590.7
4085.81
3848.13
4493.25
3184.82
3465.09
4090.01
2908.3
2437.07
4046.21
4436.97
3694.98
3750.26
3543.7
3682.34
3320.57
3650.62
4820.17
2054.63
4177.85
4021.61
3863.34
3708.7
3350.1
4210.73
1775.91
4832.89
4541.57
4377.61
4166.09
3481.1
4664.25
1969.71
3333.74
3893.49
4045.17
3430.26
3605.21
3991.97
4066.7
3290.82
2165.22
3030.02
3731.98
3123.1
3453.45
2712.87
2149.07
4024.26
3468.18
3889.73
4248.17
4043.13
2994.02
3107.26
2070.07
2632.58
2724.22
3860.17
3978.42
4420.25
3182.82
4139.69
3971.62
3303.18
3276.54
4125.73
4276.49
3766.34
2530.66
53.44
3909.9
4028.81
4308.93
2423.87
4269.09
3871.73
2267.87
3506.17
3295.54
3220.18
4003.34
4082.61
4568.89
4751.97
3188.18
4890.33
3813.7
3820.7
4137.65
4531.37
3303.02
330.52
4846.37
3698.09
4574.37
2873.02
4607.65
4376.25
3519.78
3545.06
4247.21
3973.25
3852.53
4049.01
2153.99
4316.17
3915.26
4297.29
4002.98
4411.25
3864.06
3372.34
5072.25
3015.01
2270.87
4370.33
4564.21
2671.94
3641.89
3752.78
3900.61
3541.54
4299.29
3873.54
3617.61
3962.06
3399.46
4261.49
3502.54
3702.09
3578.09
2250.71
3540.09
1599.19
3267.7
3383.98
3528.45
4171.21
3077.66
3831.13
3763.61
4023.01
3967.65
4253.65
3857.26
3343.18
4838.97
1783.91
3276.82
3880.78
4430.17
2679.87
1772.91
3448.82
3357.82
4171.53
4376.89
4621.09
3936.98
4346.09
4548.73
3344.18
3568.49
3649.54
4094.29
4066.25
3730.29
2432.07
4300.65
2568.87
4280.09
3636.09
3719.34
3544.13
4255.29
2665.51
4331.97
3633.93
4050.26
4190.61
3913.7
3504.13
2813.02
3654.89
3311.02
2874.58
4666.33
4717.29
3708.29
3663.18
4202.73
4585.04
4067.01
2392.79
3557.42
4474.97
1671.27
4161.73
4632.53
3221.74
3380.18
3383.38
1745.27
4366.17
4539.53
4222.65
4418.09
2295.71
3937.78
4841.17
4235.21
4050.21
4565.93
1130.11
4228.49
3182.82
4637.89
4992.61
4634.21
3881.73
3690.53
2731.87
3646.49
4072.49
2490.43
4796.45
3813.37
3572.62
3899.93
2776.98
4031.7
4407.09
4312.85
4358.69
4057.37
4324.01
5182.97
4181.93
3352.49
3867.57
3660.13
3288.13
4997.01
4604.57
4334.45
4020.73
3572.01
3775.97
3724.98
3109.1
3758.81
4690.17
3492.62
4168.81
3283.34
3268.46
1780.27
3250.9
2993.22
4537.97
4100.81
3791.9
4405.49
4559.81
3252.74
3804.89
4996.33
1820.35
2702.49
3238.74
4077.45
3829.29
3343.1
2155.99
3985.21
2268.71
3473.01
3669.89
4025.93
3417.65
3863.7
4332.09
2974.66
3486.53
3871.93
3123.02
4923.89
3530.74
4208.81
2247.79
4733.53
3499.73
4170.45
4218.97
4447.01
3879.62
1800.91
3491.45
4500.57
4115.78
3099.66
1747.27
3358.26
3767.25
2766.38
3762.09
3085.1
4877.37
3866.45
3309.7
3771.81
3675.57
4357.7
3622.9
3507.78
3623.54
2687.87
4530.45
4316.53
4254.81
1711.63
3548.01
3462.18
2581.15
2847.94
2919.3
3413.85
3693.26
3756.9
2842.51
4761.45
4021.78
4353.21
3328.9
1234.11
3743.01
2695.93
3206.66
4218.73
3754.89
3300.74
4157.13
4464.61
3898.34
3614.18
4213.17
3877.01
3806.17
4487.4
4006.78
958.03
2143.99
3403.18
4098.97
4453.73
3729.98
4003.57
3435.49
3606.49
1733.91
3211.74
4625.01
4097.97
4735.01
4150.42
3025.45
2547.51
4022.69
4223.37
2415.79
1825.27
3519.81
2924.58
3395.18
4015.37
3911.81
3234.98
3321.9
4839.81
4430.49
4300.21
2551.79
2676.58
3223.06
4626.25
3222.54
3315.18
4271.89
4349.09
3268.74
3999.73
3754.17
2031.63
3659.25
4232.65
2338.07
3339.26
2591.3
4498.57
3419.73
3783.45
3781.26
1760.27
3306.54
3683.54
1952.99
3909.53
3730.73
3425.82
2569.87
4336.78
3148.21
4329.73
4488.17
3578.9
3702.54
4117.53
3682.34
3319.26
3013.42
3821.26
4195.29
3361.3
2881.09
2096.99
5220.25
4531.65
2388.51
3692.26
3802.42
4116.53
3585.34
3174.38
1631.63
3563.98
3730.85
4030.06
3262.9
2239.35
4276.81
5048.33
4216.53
3757.98
4208.29
2481.94
5303.61
3763.61
2607.58
4577.73
3113.74
2693.87
3914.29
3715.65
3631.09
4350.65
2120.99
3908.81
2909.94
3695.18
4219.17
4061.81
2803.51
4289.53
3436.46
3970.42
3673.54
4364.57
3902.53
4237.25
2199.07
4248.53
3322.1
2739.15
4112.49
2673.87
3488.37
3468.9
4638.61
3884.26
3811.13
3748.62
2265.15
3995.89
3046.26
3948.53
4054.69
3399.26
3741.53
3246.66
3745.45
3522.21
4269.93
3638.73
4158.69
3928.01
2231.79
3119.46
4692.69
3285.26
2767.22
3940.98
3825.57
2832.38
3180.02
2248.51
3656.73
4332.81
3247.98
2495.79
3739.21
2782.38
4545.53
4090.17
4645.57
2811.94
3326.34
3879.13
3970.29
3775.09
3923.81
3003.3
4339.89
4703.21
3985.57
4044.25
3526.46
4325.33
3048.21
4419.93
3389.1
3638.06
3218.38
2893.62
2947.66
3626.81
4055.93
3973.45
4470.57
2993.58
4322.09
3695.81
3672.21
4161.89
4472.73
3222.02
3594.78
4624.53
3171.66
2568.15
1473.19
4440.25
3247.82
4008.09
3921.61
3904.61
3726.85
2242.35
2743.85
3751.26
4882.25
4004.25
3793.61
4340.25
3419.13
3891.29
4092.81
2901.46
4330.89
3742.65
3925.7
2669.1
4425.34
1794.63
3830.17
2349.79
4280.17
4092.42
2924.85
4172.25
3746.57
4433.57
3484.78
4597.21
4925.89
2588.58
4787.53
3895.93
3997.53
4337.09
4281.97
3987.42
4393.89
4459.4
3540.49
4733.33
4453.29
3242.74
4345.37
4396.37
3804.06
3370.21
2317.51
4253.42
4471.04
3500.1
4517.57
2948.3
4413.73
3747.49
2033.15
5429.61
4872.25
2853.18
3373.78
3638.85
4145.7
2335.71
3072.34
3887.61
3796.85
4591.37
2012.35
4092.17
3539.65
3411.38
4268.06
3648.82
4273.69
3994.81
4668.53
3749.57
3532.78
3931.81
2868.87
2620.66
4050.25
2760.74
4325.37
3189.46
2208.35
2802.22
4072.57
3245.26
3419.18
3957.85
4253.65
4303.76
1611.91
4909.53
2634.51
3309.7
3871.13
3952.09
4199.69
3704.54
3654.26
2976.3
3521.46
2208.71
744.96
4285.45
4634.93
3983.7
4599.25
4054.06
1319.71
4086.85
4157.29
4946.45
3533.7
3058.38
1854.99
5234.4
4229.57
4082.57
3290.7
3092.02
3506.34
4271.29
4074.25
3981.06
4382.01
4190.65
3744.01
2231.07
2885.22
3834.93
3439.13
2067.63
3577.34
4444.45
4508.21
3243.38
4540.29
5107.61
3483.62
4439.29
4205.93
2768.87
2973.66
3394.85
4272.53
3463.46
2517.15
4418.04
4153.81
3035.1
3962.57
3253.09
4081.45
4188.81
4225.21
3756.25
4455.97
4217.29
3684.53
4264.29
3915.34
4848.81
4608.17
4470.06
1756.27
4015.89
2480.15
4501.65
3549.85
3459.38
4297.21
2575.51
2806.51
2114.71
3825.81
3987.65
4380.89
3608.34
3852.61
3380.9
3366.74
4243.17
2932.1
4457.89
2016.99
3755.13
4081.25
3611.54
3977.01
4225.97
3145.74
3879.09
3304.45
4201.85
4552.09
2907.46
4271.25
3522.49
3771.25
3830.13
3876.13
4227.97
2892.06
3804.09
4088.97
4154.53
4592.29
4102.33
3671.98
4417.29
4343.89
3346.46
4412.73
3174.66
4309.97
4291.53
2695.87
4601.57
2312.79
4609.29
4408.81
4211.7
2804.29
2451.07
3883.93
4306.01
3695.21
3685.65
2439.22
4241.01
2812.58
3992.85
3868.29
4161.34
3202.9
2661.94
3268.46
4433.01
4708.17
3634.42
4220.45
2925.66
3446.13
2222.15
3243.66
4041.09
3330.74
3243.78
4775.04
3100.46
2828.74
3320.9
3286.93
4079.65
2648.1
4068.37
4705.49
4544.4
2581.85
2611.51
3726.01
4028.61
3841.42
1643.91
3934.13
4695.25
4675.04
3500.81
3679.93
3877.09
2651.15
4162.29
4332.01
4280.93
1797.91
3281.65
2818.22
3122.82
3819.9
3982.57
3808.06
4579.61
4089.61
4226.57
3314.1
2239.42
4285.69
1897.27
1818.54
4260.37
3135.06
3589.34
4090.45
3902.42
3866.34
2226.78
4105.21
4055.37
4888.33
2099.99
4215.65
4840.97
4554.65
4366.25
3436.73
3975.93
3953.57
3151.26
3306.49
4612.93
3815.89
3824.17
4171.49
4478.89
3667.65
3696.34
3640.57
3319.18
3086.49
4850.45
3945.81
4245.81
3962.61
2985.81
3772.61
2949.3
3290.98
3878.62
3108.66
3635.62
1842.27
2715.15
3592.81
2250.07
4297.53
2908.94
4222.85
4776.25
4006.17
1975.35
3471.06
2761.94
3466.82
2492.3
3647.26
3466.82
3951.34
3588.46
3642.62
4045.57
2109.35
3965.45
3418.26
3326.9
4464.73
1689.55
4124.53
3707.81
4416.29
3969.61
4145.37
4105.13
3131.82
4275.45
3825.49
2312.71
2822.94
4796.73
4167.13
4216.65
4236.13
3384.17
4428.73
1872.27
4488.65
3806.53
2473.87
4309.61
3477.34
3978.37
4286.37
4317.21
3805.61
3765.7
2507.87
3810.01
3737.65
3936.49
3160.65
3293.38
4013.65
4602.01
3333.17
3284.1
4071.13
3718.98
3277.93
4553.25
3642.26
3826.42
3700.7
3475.7
4185.57
3810.21
4656.93
4041.09
4399.04
3307.74
3432.9
3086.74
3573.93
2431.07
3807.21
3440.9
3718.57
2980.54
3291.73
3416.57
3333.82
2119.43
3996.73
2941.3
3612.81
4742.25
4528.97
4687.37
3715.7
4445.37
4414.53
4221.89
2840.3
2037.51
4094.25
3163.45
3894.06
5026.73
3930.25
1559.19
4647.01
3666.01
4864.17
3142.1
3721.62
2782.18
3711.89
2756.58
3722.42
4463.97
3419.1
3096.57
4404.81
2744.87
3673.98
2211.43
4207.37
1164.75
2163.35
3827.85
2962.3
4219.57
4072.17
4115.53
4257.89
3574.26
2210.3
3368.54
4238.85
3777.21
4060.42
3697.98
3555.17
3686.82
2605.87
3444.1
3835.93
3482.62
4042.73
4207.93
3061.3
3912.53
3698.45
4465.37
4428.04
4732.09
2152.79
4391.49
4270.45
1867.99
2971.38
3833.53
3565.26
3911.78
2311.1
4548.69
4631.48
4333.93
4220.97
3211.54
4441.01
4004.89
2963.3
2755.66
3840.17
3469.57
3143.1
4026.09
2603.87
3469.01
3350.1
4308.57
4237.57
4302.53
3800.85
3870.65
3243.42
4422.04
3473.57
4527.53
4469.73
4829.69
3064.65
3289.38
2504.51
4966.89
3842.81
4913.73
3890.97
3818.06
4500.06
4717.45
4153.37
3319.82
3649.42
4386.85
2985.54
3257.98
4482.65
3061.26
3735.98
4137.45
2858.46
3662.09
1302.11
2856.58
3433.1
1913.99
4857.69
4047.29
4194.37
3718.98
4359.29
3500.62
4425.25
3963.89
2511.3
3490.17
2893.74
3221.46
3941.06
4803.69
4225.45
4271.69
4131.53
3225.46
4092.49
4114.49
3565.62
3423.98
3648.93
1990.99
4665.97
3758.85
3592.42
4012.61
4032.7
4970.17
4043.21
4140.37
3279.7
3062.18
4566.04
2993.1
1953.63
4990.01
3870.13
3393.17
4460.61
3780.7
4908.76
3880.53
4102.49
3631.89
4432.97
3492.09
4094.81
4268.01
2746.3
4506.93
3881.85
4373.81
3029.1
3679.7
3749.29
3475.9
4275.53
3637.81
4210.45
4372.09
3756.9
4230.45
3963.81
3965.73
3011.37
4399.17
3806.29
2786.38
2754.22
3956.45
1861.99
4881.33
3455.1
4180.29
3936.93
4545.65
3277.78
4162.25
4099.09
3395.02
2978.3
4305.09
4113.34
3908.49
4316.85
3139.74
4735.17
3184.18
4498.45
4358.33
4107.42
3630.1
3857.33
3576.78
669.96
4020.01
3579.46
2687.22
2717.29
4021.29
3888.34
4216.61
3886.25
4365.45
3064.94
3286.78
4340.13
4509.73
3090.46
4383.21
3736.93
3938.98
4457.93
3542.09
4401.73
4256.49
3555.98
3161.1
2775.74
4348.09
3263.57
2553.1
3946.33
3312.1
4358.29
3436.21
4403.01
4867.61
4396.93
3944.17
1915.35
4643.53
4445.29
3960.34
3727.73
2087.35
3904.57
2883.3
3726.18
2958.46
2369.87
3615.37
2899.58
3613.49
3936.09
4281.78
4548.37
1960.63
3767.89
2710.74
3130.82
4517.73
3684.25
4141.78
4193.73
3174.13
2174.71
4378.45
4269.09
3826.93
3959.73
4327.97
4398.29
4047.01
3945.26
2455.43
4283.45
4378.21
3421.53
3801.85
4422.97
4807.97
2374.51
3738.9
3886.01
3205.74
3786.65
3218.98
2861.3
4094.89
3759.13
4073.29
2745.87
4332.53
3428.54
3118.38
3098.09
3902.97
3381.49
4377.49
4329.89
3015.74
3015.82
4216.21
2419.93
3464.49
3639.25
3905.09
4744.97
3721.98
3965.62
3422.65
3535.26
3380.7
3699.18
2788.74
4659.81
4714.73
4054.89
3103.3
4030.81
4204.53
2477.51
2731.87
2714.22
4648.29
4692.45
4590.65
4797.65
4008.17
3423.9
3868.89
4424.97
4480.37
4139.57
4275.42
2324.3
4659.37
2321.87
4095.21
3655.65
4154.65
2851.3
3955.06
2972.49
2532.87
4107.78
4770.61
3804.53
3325.93
3364.09
4160.65
3656.42
4044.65
3162.34
3469.73
3773.7
3099.98
3771.01
2894.3
3114.18
3241.74
3660.09
3300.29
4226.61
4179.97
1549.55
3422.81
3336.09
2373.07
4175.57
4111.42
4613.37
4030.7
3188.57
3572.29
1776.91
4085.01
2909.98
2695.87
3877.06
4121.81
3553.85
3468.46
4265.29
4460.89
3896.7
2830.51
3024.02
3842.78
3779.93
4734.09
3267.66
4281.37
4103.09
2233.43
3751.34
2589.51
2088.35
2075.99
2351.51
4342.09
4090.09
3402.18
4789.73
3965.89
4526.01
3618.9
4171.45
3034.22
4324.73
3855.78
4148.13
4647.09
2792.87
3561.82
2759.51
3847.45
4564.89
3731.09
3104.9
4024.25
4035.73
4007.45
4702.25
4459.81
3362.18
2190.99
4555.93
3383.62
4111.65
4178.61
3734.49
3971.21
4620.53
3767.37
3067.82
4110.81
3605.62
4032.85
3762.45
2589.74
2626.82
3909.13
4283.42
4557.09
4243.57
3944.98
3741.65
4742.45
4751.04
4675.76
3995.81
4383.81
2345.07
4253.97
2708.3
4375.09
4436.93
2906.65
4201.37
1642.55
4737.73
4548.65
2781.3
2317.22
4279.89
4255.04
3514.78
3834.7
3893.7
3754.21
3494.26
4678.53
2694.46
4233.81
3245.17
4285.45
2725.49
4468.73
3092.74
3590.62
4378.89
4740.17
3739.21
4241.89
2323.15
3426.65
2503.79
4230.49
3822.01
2538.15
3322.78
3666.98
4448.17
2283.71
2980.3
4390.73
3640.73
3930.29
4749.73
3400.26
1702.55
3578.62
4310.17
4192.97
3934.34
1361.11
4160.37
3499.06
3689.26
4404.69
4177.33
3964.25
3661.78
2648.94
4144.37
4272.81
4178.09
4671.53
1586.55
4474.21
4318.42
3411.7
4087.21
3416.82
4706.01
3231.46
3406.17
5120.61
4057.13
4517.29
3367.38
4226.09
3777.61
3581.26
3941.7
4026.49
4479.61
3935.49
4805.89
4582.69
3532.73
4162.69
3585.62
2424.07
3761.37
3745.18
3223.66
4224.45
3908.73
4217.93
3435.46
4193.57
4584.97
1958.43
3360.34
3800.89
4170.45
4061.97
3898.85
2268.43
4934.04
3376.85
3475.46
4130.25
2229.35
3072.74
3562.29
4122.45
3137.85
3324.54
2227.79
2436.43
4935.04
2687.79
3787.45
4062.06
3391.18
3875.01
3276.1
3740.78
4549.33
3319.81
4165.25
4753.61
4452.12
3578.9
4198.45
4348.45
4340.01
4451.25
4221.97
4353.89
1237.75
4014.34
3527.13
3564.21
3785.62
3407.38
3377.42
3366.54
3450.73
3940.13
4022.93
3811.34
3433.82
3837.53
3837.37
3345.49
3610.25
4650.45
4802.65
3533.9
972.03
3290.45
3079.46
3158.02
2126.99
2048.99
3855.62
3739.7
3935.89
3544.82
3543.81
4897.97
4567.17
4157.13
2858.02
2467.51
3943.42
2196.35
2886.02
3484.26
3499.9
3813.81
3405.01
4182.37
3630.42
3948.85
4083.61
3014.66
4535.89
3423.34
3898.62
4410.93
4537.25
4198.93
3646.93
2288.71
3571.42
4101.65
3816.13
3818.49
3579.85
3298.82
3578.85
1609.91
3797.49
5024.69
4254.09
4295.81
3605.82
4559.4
4296.37
2619.51
4407.37
4651.25
4312.69
4355.81
3070.74
4178.61
4201.33
3930.73
3679.9
3183.82
3984.06
2801.66
4861.97
3600.29
3953.01
4220.69
2661.15
3604.82
4784.01
4814.09
2849.94
4566.57
3224.1
4157.61
4132.01
3918.17
3957.09
4158.21
3569.06
3886.13
4247.01
4520.65
3833.62
3867.53
4403.45
4235.93
4253.81
3509.42
3899.85
4663.97
3304.26
3824.57
2952.02
3821.53
1978.99
3694.45
4274.29
3124.74
4168.61
3423.53
4250.81
4154.45
2332.87
4142.25
3913.62
4560.25
4389.57
3835.85
3558.42
2321.87
3803.73
3523.74
4367.21
4096.34
2653.15
3880.45
4146.13
4094.65
4148.61
3911.37
4260.33
3210.62
4168.49
3102.38
3716.09
3363.7
4562.69
4384.93
3944.65
3760.06
4456.17
4435.29
2629.87
3250.74
3801.89
3954.06
4161.61
4255.33
4336.97
3714.93
4135.85
4022.73
3965.17
2530.87
3880.97
3165.3
4686.97
3890.98
1429.55
3729.78
4946.53
4019.01
4084.49
4280.61
3908.53
4178.85
4411.69
3658.78
3526.42
3935.73
2611.74
4143.06
3619.89
5250.69
4350.93
1502.83
3053.66
2448.51
3006.3
3472.42
3901.65
1892.27
4161.85
4051.29
3764.45
3871.17
3810.57
3882.53
2954.54
2845.58
4354.25
3048.02
3830.57
4312.45
4392.21
3270.29
3573.42
3687.42
3368.02
3816.85
4314.89
4289.29
4263.89
3901.06
4163.57
3718.89
3856.42
4154.42
3776.18
3415.7
4134.97
2315.79
4774.73
4200.29
3461.82
969.03
4289.81
4631.21
4257.29
3266.18
4380.17
4278.45
4351.73
3710.53
4225.89
4292.42
4639.45
4349.97
4022.98
4170.25
3419.18
2965.94
1797.99
3741.61
2863.58
4218.89
3343.93
3982.21
4430.76
3860.81
1246.75
3304.26
3971.49
4019.93
4796.61
4318.25
3177.46
4222.01
3308.78
4256.21
4481.53
3773.45
3920.93
4233.37
3667.29
2376.71
4023.89
2484.58
2715.94
4117.37
3664.17
4890.73
3668.98
4163.17
3936.25
4444.37
2686.87
3571.93
4419.01
4346.42
4761.73
3725.26
3934.93
4497.85
3366.46
4138.85
4656.61
4378.45
4758.53
2960.3
4232.42
4240.45
4006.21
4163.09
4670.17
3541.01
3766.65
4495.01
3749.57
3993.13
3612.98
3027.21
4121.73
3330.26
4562.37
3139.54
3626.7
4122.98
3618.7
4857.12
4512.48
3384.34
4516.69
4732.53
2899.26
2253.71
2941.85
4504.04
3899.89
3024.66
3172.46
4996.25
3730.9
3758.78
1866.99
3944.42
3867.06
3932.85
3233.38
3530.81
4930.89
4249.37
4059.53
4930.89
4187.89
3199.26
2607.15
4742.81
4388.01
2952.94
2429.15
4554.29
3793.13
4160.53
2254.71
4257.04
3130.01
2087.99
2188.35
3901.61
3833.78
3710.89
3612.06
3986.7
3682.45
4457.53
2942.94
4843.17
3419.98
3874.73
3033.66
3436.46
4552.65
4607.93
1484.83
2437.43
4417.42
3537.62
4028.97
4383.09
3300.54
3790.98
3434.46
3912.45
4168.53
5040.33
3571.34
3677.54
2887.1
4053.89
4324.17
1108.39
3882.42
3967.81
2274.51
4331.06
2270.71
3571.53
3794.42
4612.17
4500.89
3491.37
4491.4
3948.13
3967.26
3160.62
3605.17
1434.47
3387.53
3689.98
3445.93
3851.78
3535.54
2807.58
4523.57
3697.34
3821.01
2389.15
3632.09
2839.22
3167.7
1561.55
4629.12
4717.81
2864.94
4182.78
2886.66
3462.89
4273.97
3817.7
2656.51
3582.61
3930.09
3892.57
3905.53
4292.57
4491.29
3953.61
4762.61
4615.37
4020.21
4322.17
2266.35
3047.74
3218.85
3149.9
1288.11
2213.71
4791.73
4141.13
4444.78
4092.65
2750.66
3598.17
3807.65
3628.82
3864.29
4173.25
3709.9
3668.06
3588.29
3881.78
4862.37
4076.98
4498.53
4047.65
3741.37
3615.53
4032.09
2934.58
4452.93
3981.93
3127.74
3662.21
3561.82
4078.13
3347.06
3148.18
3545.18
3459.34
4083.53
3848.98
3330.7
3394.74
4038.45
4782.09
4227.78
3691.42
3987.33
4239.09
3979.01
2327.15
4552.93
3493.53
3640.13
4322.53
4126.45
4431.45
4407.17
3753.45
4056.21
3438.46
988.39
4511.04
2417.15
2488.43
4143.09
3637.7
3261.57
3807.54
2771.38
