5481.25
5202.89
5905.04
5507.97
5973.04
5973.69
5443.53
6081.4
5845.33
5712.33
5432.25
5468.61
6187.04
5860.04
5681.61
6102.76
5538.97
5494.97
5871.69
5555.97
5887.04
6071.4
5013.81
5777.69
5463.97
5890.04
6093.69
5604.33
5659.97
5746.69
5894.4
5959.4
6107.76
6130.76
6098.12
5895.69
5879.04
6209.12
5932.69
5370.25
5665.33
5522.61
6054.76
5778.33
5600.97
5702.97
5388.25
5949.04
6108.76
6147.12
5520.25
5861.69
5907.69
5836.04
6194.76
5947.4
5304.89
5950.4
5689.33
6058.4
5571.25
5766.69
5687.97
5953.4
5748.33
6066.76
5783.33
5685.33
5126.17
5653.97
6240.48
6301.12
5369.25
5673.97
6034.76
5508.61
5997.4
6221.76
5811.33
5882.69
5708.25
5426.25
6270.12
5666.33
5529.61
5610.25
5601.33
5696.69
5433.61
5414.61
5850.69
6032.04
5392.61
6009.76
5905.04
5515.97
5756.69
5582.97
5988.76
5670.61
5878.33
6054.76
5139.53
5590.33
5762.69
5661.61
5464.61
5423.61
6221.48
5308.89
5339.25
6002.04
5592.97
5746.69
5506.97
