4025.78
3505.62
4688.81
3856.57
5103.33
4352.01
3229.98
4176.65
3955.06
4314.21
4096.21
3830.42
3941.21
4938.81
4912.01
4967.61
4158.06
3654.62
5119.25
4261.01
4193.13
4040.57
3639.06
3641.34
4853.53
4397.13
3717.98
3648.06
4841.81
4876.65
3041.54
5478.33
3730.98
3580.34
3794.13
2894.1
4144.01
3338.13
4449.81
4217.45
3484.9
4730.17
4311.65
4030.06
3112.26
2549.54
3504.42
3299.18
3731.98
4359.09
5415.17
3898.78
4371.29
4798.89
4759.45
5170.89
4642.65
4792.81
4864.89
4501.65
4217.65
3328.78
3478.98
4589.73
4233.78
4511.81
3289.7
4092.49
4397.45
3990.13
3994.42
4034.65
4468.29
4518.37
4589.93
3926.42
4398.45
3258.9
4902.45
4809.09
4347.37
4087.57
3971.06
3238.98
4317.65
3047.62
4811.25
5387.61
4560.01
4816.29
5218.69
2902.54
3183.9
3240.98
4358.93
3972.42
4556.85
4599.45
3674.13
4490.09
4481.85
4323.29
3890.13
4360.29
5231.61
4115.29
2492.66
3654.62
4073.49
3742.34
4639.37
4641.93
5076.97
4833.01
4535.85
3757.62
3867.34
4538.29
4574.45
4645.29
4799.53
3767.98
4230.21
4002.42
4900.37
4113.49
3954.29
4421.81
3758.93
4090.21
4237.78
3829.06
4835.17
3443.26
3079.9
4534.29
4396.93
4305.57
2438.66
4152.57
4863.65
4373.93
3798.49
3905.78
4508.37
4812.45
4383.21
3317.18
3727.78
4026.78
3645.7
5028.09
4590.01
5187.89
3794.85
4281.29
4392.93
3967.49
4129.01
4019.49
4444.29
3686.34
4243.37
3793.06
4134.01
4810.17
4808.93
4088.37
4616.65
2508.66
2557.66
3868.34
4208.93
4546.73
4136.21
4129.01
5124.89
4037.65
4444.21
4565.17
5153.81
4004.65
4591.21
5142.61
4306.29
5080.61
4425.81
4200.37
3788.06
5174.89
4307.65
4414.49
4563.09
4075.06
3161.78
4297.49
4608.53
3489.13
4322.57
4376.65
