2506.94
2698.74
3210.98
2907.98
3401.26
2203.87
1343.02
3494.34
2702.78
728.96
3538.7
3325.42
2861.9
2951.98
1379.55
823.31
841.96
1773.91
3230.93
1587.99
2333.62
1994.07
4008.09
4015.73
868.6
2399.34
3739.85
2231.38
355.8
3177.9
2391.87
1968.54
4162.49
1567.63
905.6
149.44
197.08
936.31
1961.07
2165.9
2590.38
2070.87
1639.35
410.8
2154.87
2450.38
3178.34
3379.42
1342.11
2774.62
2288.1
789.83
2791.02
2613.74
2016.07
2684.46
2859.02
3083.06
1595.63
2473.78
3394.06
1656.07
3238.34
2722.78
3646.93
3087.42
1856.27
3249.85
2158.15
2954.02
3682.57
3587.73
468.88
3352.06
1646.87
2603.9
1946.63
797.24
1085.19
2031.9
3142.06
2925.94
1919.07
2732.82
2290.22
391.6
2155.3
2673.3
1847.99
3579.78
3450.93
2733.1
1673.63
2429.87
2812.1
2088.94
3130.54
775.67
2933.34
649.24
