5466.33
5416.97
5416.97
5313.61
5313.61
5331.61
5323.61
5323.61
5309.61
5225.25
5225.25
5225.25
5216.25
5321.61
5307.61
5322.61
5322.61
5322.61
5305.61
5212.25
5202.25
5185.25
5185.25
5082.89
5060.89
5077.89
5077.89
4977.53
4977.53
5077.89
4862.17
4862.17
4862.17
4962.53
4979.53
4952.53
4974.53
4966.53
4983.53
4758.81
4798.81
4719.45
4702.45
4819.81
4811.81
4811.81
4594.09
4594.09
4577.09
4656.45
4639.45
4639.45
4633.45
4554.09
4538.09
4437.73
4445.73
4461.73
4461.73
4442.73
4430.73
4410.73
4647.45
4559.09
4559.09
4559.09
4576.09
4576.09
4580.09
4497.73
4397.37
4409.37
4427.37
4427.37
4437.37
4337.01
4354.01
4354.01
4454.37
4559.73
4549.73
4588.73
4488.37
4589.73
4489.37
4489.37
4489.37
4461.37
4428.37
4340.01
4239.65
4215.65
4200.65
4183.65
4167.65
4155.65
4056.29
4038.29
4137.65
4043.29
4026.29
4050.29
4044.29
4044.29
4056.29
4056.29
4080.29
4098.29
3980.93
3997.93
4002.93
3982.93
3982.93
3982.93
3888.57
3888.57
3976.93
3976.93
3958.93
3918.93
3896.93
3896.93
3808.57
3808.57
3814.57
3814.57
3774.57
3670.21
3670.21
3758.57
3897.93
3912.93
4007.29
3898.93
3819.57
3727.21
3727.21
3844.57
3844.57
3837.57
3837.57
3837.57
3844.57
3830.57
3830.57
3852.57
3866.57
3906.57
3805.21
3701.85
3701.85
3793.21
3691.85
3586.49
3573.49
3585.49
3571.49
3684.85
3669.85
3669.85
3669.85
3592.49
3592.49
3504.13
3400.78
3493.13
3509.13
3500.13
3405.78
3405.78
3490.13
3592.49
3500.13
3514.13
3615.49
3516.13
3516.13
3413.78
3413.78
3320.42
3321.42
3329.42
3329.42
3329.42
3329.42
3312.42
3312.42
3414.78
3317.42
3215.06
3120.7
3137.7
3147.7
3162.7
3074.34
3074.34
3168.7
3168.7
3168.7
3168.7
3188.7
3164.7
3149.7
3143.7
3133.7
3157.7
3055.34
3055.34
2953.98
2935.98
2908.98
2997.34
3102.7
2975.34
2877.98
2877.98
2970.34
3090.7
3090.7
3080.7
3116.7
3014.34
2925.98
2925.98
2832.62
2933.98
2828.62
2801.62
2801.62
2801.62
2712.26
2712.26
2809.62
2809.62
2908.98
2918.98
2820.62
2806.62
2894.98
2908.98
2991.34
3093.7
3093.7
3188.06
3307.42
3306.42
3300.42
3293.42
3279.42
3197.06
3187.06
3181.06
3092.7
3092.7
3082.7
3082.7
3082.7
3082.7
3171.06
3171.06
3078.7
3078.7
3078.7
3088.7
3003.34
3003.34
2930.98
3037.34
3037.34
3037.34
3033.34
3153.7
3153.7
3224.06
3218.06
3225.06
3119.7
3218.06
3218.06
3322.42
3302.42
3188.06
3208.06
3208.06
3101.7
3013.34
2920.98
3114.7
3108.7
3068.7
3176.06
3066.7
3176.06
3074.7
3152.06
3074.7
2975.34
2865.98
2865.98
2968.34
2981.34
2999.34
2896.98
2983.34
2894.98
3077.7
3077.7
3183.06
3183.06
3085.7
3159.06
3146.06
3057.7
3066.7
3137.06
3151.06
3161.06
3145.06
3046.7
3046.7
3032.7
3130.06
3144.06
3138.06
3043.7
2962.34
2968.34
2963.34
3063.7
2975.34
2975.34
2981.34
3092.7
2995.34
2995.34
2995.34
2981.34
2981.34
2995.34
2995.34
2995.34
3081.7
3081.7
2985.34
2985.34
2975.34
2874.98
3001.34
3089.7
3194.06
3092.7
3205.06
3307.42
3399.78
3322.42
3322.42
3322.42
3322.42
3332.42
3332.42
3230.06
3331.42
3129.7
3221.06
3221.06
3123.7
3221.06
3124.7
3132.7
3115.7
3115.7
2898.98
2800.62
2708.26
2708.26
2700.26
2597.9
2500.54
2540.54
2534.54
2655.9
2655.9
2763.26
2781.26
2772.26
2685.9
2592.54
2500.18
2500.18
2500.18
2500.18
2508.18
2613.54
2603.54
2712.9
2712.9
2712.9
2712.9
2699.9
2732.9
2732.9
2632.54
2632.54
2724.9
2724.9
2724.9
2724.9
2807.26
2905.62
2905.62
2905.62
2905.62
2905.62
2872.62
2872.62
2862.62
2862.62
2862.62
2780.26
2789.26
2780.26
2780.26
2780.26
2780.26
2775.26
2669.9
2669.9
2571.54
2584.54
2689.9
2817.26
2711.9
2632.54
2641.54
2746.9
2746.9
2736.9
2736.9
2746.9
2648.54
2648.54
2555.18
2555.18
2555.18
2527.18
2522.18
2615.54
2700.9
2700.9
2608.54
2722.9
2716.9
2615.54
2711.9
2806.26
2806.26
2798.26
2798.26
2798.26
2895.62
2997.98
2969.98
2979.98
3074.34
3156.7
3148.7
3148.7
3148.7
3130.7
3130.7
3102.7
3097.7
3115.7
3115.7
3115.7
3123.7
3153.7
3145.7
3049.34
3148.7
3148.7
3148.7
3148.7
3160.7
3064.34
3160.7
3231.06
3207.06
3107.7
3202.06
3202.06
3226.06
3218.06
3213.06
3213.06
3240.06
3338.42
3343.42
3431.78
3531.13
3559.13
3567.13
3567.13
3475.78
3475.78
3475.78
3475.78
3376.42
3376.42
3276.06
3368.42
3276.06
3268.06
3260.06
3189.7
3337.42
3439.78
3343.42
3439.78
3345.42
3321.42
3217.06
3416.78
3402.78
3402.78
3402.78
3378.78
3252.42
3240.42
3264.42
3370.78
3370.78
3362.78
3463.13
3559.49
3569.49
3485.13
3443.13
3340.78
3348.78
3449.13
3454.13
3556.49
3659.85
3563.49
3553.49
3553.49
3649.85
3649.85
3637.85
3534.49
3546.49
3546.49
3448.13
3436.13
3331.78
3324.78
3338.78
3242.42
3231.42
3133.06
3041.7
3035.7
2929.34
3026.7
3120.06
3136.06
3138.06
3049.7
3041.7
3056.7
3073.7
3088.7
3088.7
3101.7
3101.7
3101.7
3087.7
3176.06
3075.7
3168.06
3266.42
3187.06
3272.42
3178.06
3181.06
3188.06
3272.42
3272.42
3366.78
3272.42
3402.78
3479.13
3479.13
3465.13
3565.49
3481.13
3467.13
3467.13
3569.49
3554.49
3556.49
3656.85
3662.85
3560.49
3572.49
3678.85
3586.49
3586.49
3586.49
3586.49
3586.49
3501.13
3486.13
3394.78
3301.42
3400.78
3314.42
3308.42
3414.78
3422.78
3520.13
3427.78
3403.78
3297.42
3193.06
3193.06
3104.7
3007.34
3007.34
2914.98
2812.62
3016.34
3014.34
3014.34
3014.34
3014.34
3014.34
2993.34
2997.34
2912.98
2933.98
3013.34
3097.7
3097.7
2952.34
2952.34
2924.34
2821.98
2821.98
2908.34
3002.7
2995.7
2960.7
2872.34
2773.98
2896.34
2896.34
2908.34
2821.98
2908.34
2908.34
2887.34
2873.34
2959.7
2931.7
2931.7
2931.7
3029.06
2940.7
3015.06
3047.06
3047.06
3143.42
3143.42
3049.06
3157.42
3060.06
2959.7
3056.06
3041.06
3027.06
2948.7
3013.06
3115.42
3129.42
3129.42
3119.42
3119.42
3111.42
3085.42
3085.42
3043.42
3053.42
3141.78
3141.78
3269.13
3269.13
3261.13
3247.13
3233.13
3223.13
3320.49
3348.49
3459.85
3373.49
3366.49
3380.49
3380.49
3394.49
3188.78
3443.85
3341.49
3341.49
3393.49
3419.49
3419.49
3419.49
3520.85
3426.49
3494.85
3494.85
3480.85
3494.85
3501.85
3522.85
3522.85
3536.85
3642.21
3642.21
3649.21
3790.57
3790.57
3696.21
3786.57
3786.57
3786.57
3688.21
3692.21
3798.57
3798.57
3886.93
3886.93
3879.93
3905.93
3879.93
3849.93
3849.93
3879.93
3787.57
3879.93
3879.93
3865.93
3781.57
4000.29
3987.29
3963.29
3987.29
4000.29
4014.29
3816.57
3710.21
3807.57
3807.57
3906.93
3901.93
3901.93
3813.57
3813.57
3813.57
3827.57
3792.57
3694.21
3698.21
3686.21
3686.21
3677.21
3677.21
3582.85
3692.21
3692.21
3772.57
3772.57
3772.57
3772.57
3772.57
3772.57
3772.57
3690.21
3666.21
3552.85
3666.21
3666.21
3690.21
3593.85
3679.21
3565.85
3565.85
3550.85
3543.85
3453.49
3651.21
3550.85
3462.49
3477.49
3374.13
3240.78
3374.13
3281.78
3373.13
3470.49
3470.49
3376.13
3376.13
3464.49
3476.49
3570.85
3548.85
3555.85
3660.21
3560.85
3553.85
3456.49
3371.13
3370.13
3356.13
3251.78
3378.13
3354.13
3347.13
3447.49
3549.85
3549.85
3567.85
3473.49
3567.85
3560.85
3466.49
3649.21
3627.21
3723.57
3730.57
3712.57
3794.93
3816.93
3816.93
3816.93
3834.93
3740.57
3935.29
4082.65
4082.65
4064.65
3967.29
3976.29
4064.65
4064.65
4082.65
3994.29
3996.29
3996.29
3911.93
4094.65
4066.65
3970.29
3998.29
3903.93
3990.29
3902.93
3962.29
3984.29
3874.93
3984.29
4079.65
3992.29
3978.29
3978.29
3954.29
3865.93
3865.93
3768.57
3770.57
3865.93
3872.93
3775.57
3994.29
3896.93
4094.65
4007.29
4094.65
4094.65
3987.29
3994.29
3994.29
4094.65
4094.65
4094.65
4094.65
3996.29
4087.65
4087.65
4087.65
3990.29
4087.65
4101.65
4108.65
3913.93
4108.65
4088.65
4123.65
4106.65
4204.01
4176.01
4093.65
4089.65
4176.01
4218.01
4302.37
4342.37
4254.01
4143.65
4254.01
4254.01
4254.01
4158.65
4166.65
4069.29
4069.29
4029.29
4129.65
4134.65
4048.29
4134.65
4126.65
4022.29
4007.29
4104.65
4104.65
4121.65
4104.65
4023.29
4035.29
4121.65
4238.01
4223.01
4109.65
4216.01
4216.01
4189.01
4175.01
4164.01
4129.01
4129.01
4144.01
4139.01
4052.65
4346.73
4346.73
4332.73
4246.37
4260.37
4160.01
4274.37
4176.01
4176.01
4192.01
4175.01
4192.01
4157.01
4061.65
4143.01
3936.29
4143.01
4054.65
4157.01
4157.01
4165.01
3962.29
4200.01
4200.01
4106.65
4186.01
4095.65
4009.29
4136.65
4036.29
4153.65
4251.01
4286.01
4289.01
4377.37
4377.37
4377.37
4359.37
4359.37
4257.01
4271.01
4247.01
4271.01
4172.65
4182.65
4271.01
4175.65
3982.93
4175.65
4093.29
3992.93
4002.93
4002.93
4002.93
3904.57
3697.85
3894.57
3808.21
3707.85
3808.21
3892.57
3891.57
3874.57
3874.57
3874.57
3914.57
3900.57
3798.21
3860.57
3793.21
3803.21
3803.21
3900.57
3800.21
3860.57
3878.57
3783.21
3783.21
3901.57
3901.57
3810.21
3861.57
3902.57
4003.93
4003.93
4003.93
4003.93
4004.93
4021.93
3912.57
3924.57
4021.93
4021.93
4139.29
4139.29
4037.93
4044.93
4139.29
4125.29
4125.29
4227.65
4227.65
4127.29
4136.29
4130.29
4227.65
4133.29
4139.29
4125.29
4033.93
4126.29
4227.65
4119.29
4227.65
4241.65
4241.65
4234.65
4234.65
4137.29
4234.65
4321.01
4306.01
4307.01
4307.01
4307.01
4209.65
4321.01
4223.65
4213.65
4409.37
4391.37
4312.01
4409.37
4409.37
4409.37
4409.37
4400.37
4400.37
4409.37
4311.01
4409.37
4312.01
4312.01
4385.37
4409.37
4409.37
4302.01
4409.37
4409.37
4409.37
4418.37
4418.37
4418.37
4412.37
4412.37
4312.01
4314.01
4404.37
4314.01
4380.37
4380.37
4313.01
4313.01
4404.37
4380.37
4292.01
4386.37
4386.37
4372.37
4346.37
4325.37
4372.37
4281.01
4372.37
4366.37
4271.01
4366.37
4380.37
4354.37
4286.01
4359.37
4359.37
4341.37
4327.37
4312.37
4327.37
4230.01
4413.73
4419.73
4203.01
4433.73
4339.37
4339.37
4251.01
4357.37
4331.37
4323.37
4312.37
4213.01
4312.37
4333.37
4328.37
4333.37
4236.01
4239.01
4441.73
4467.73
4352.37
4478.73
4452.73
4452.73
4452.73
4437.73
4346.37
4337.37
4423.73
4438.73
4344.37
4438.73
4452.73
4462.73
4457.73
4371.37
4445.73
4546.09
4531.09
4442.73
4431.73
4439.73
4442.73
4531.09
4434.73
4442.73
4445.73
4435.73
4672.45
4672.45
4587.09
4672.45
4766.81
4781.81
4781.81
4684.45
4687.45
4571.09
4781.81
4793.81
4702.45
4793.81
4775.81
4702.45
4793.81
4779.81
4779.81
4682.45
4793.81
4793.81
4881.17
4881.17
4881.17
4881.17
4875.17
4869.17
4855.17
4773.81
4869.17
4869.17
4771.81
4768.81
4847.17
4771.81
4770.81
4774.81
4854.17
4833.17
4854.17
4832.17
4832.17
4916.53
4916.53
4892.53
4916.53
4908.53
4916.53
4818.17
4916.53
4938.53
4938.53
4938.53
4922.53
5023.89
5038.89
5036.89
4942.53
4958.53
5028.89
5036.89
5036.89
4949.53
5018.89
5002.89
5121.25
5114.25
5114.25
5215.61
5118.25
5215.61
5119.25
5118.25
5130.25
5208.61
5093.25
5222.61
5128.25
5208.61
5112.25
5208.61
5208.61
5208.61
5226.61
5130.25
5210.61
5202.61
5118.25
5118.25
5202.61
5108.25
5184.61
5216.61
5210.61
5208.61
5202.61
5119.25
5126.25
5132.25
5203.61
5115.25
5203.61
5216.61
5216.61
5216.61
5202.61
5206.61
5208.61
5216.61
5210.61
5216.61
5208.61
5112.25
5208.61
5208.61
5110.25
5124.25
5194.61
5121.25
5199.61
5212.61
5220.61
5208.61
5130.25
5228.61
5228.61
5129.25
5244.61
5144.25
5216.61
5132.25
5121.25
5337.97
5327.97
5243.61
5237.61
5233.61
5234.61
5327.97
5228.61
5317.97
5327.97
5230.61
5308.97
5234.61
5311.97
5311.97
5224.61
5285.97
5297.97
5297.97
5276.97
5297.97
5271.97
5199.61
5201.61
5209.61
5212.61
5199.61
5212.61
5297.97
5297.97
5311.97
5215.61
5296.97
5292.97
5311.97
5311.97
5311.97
5299.97
5217.61
5283.97
5273.97
5257.97
5185.61
5283.97
5315.97
5315.97
5222.61
5331.97
5313.97
5225.61
5287.97
5226.61
5215.61
5217.61
5314.97
5217.61
5286.97
5217.61
5216.61
5304.97
5206.61
5280.97
5322.97
5306.97
5223.61
5226.61
5225.61
5429.33
5429.33
5322.97
5331.97
5414.33
5322.97
5415.33
5411.33
5333.97
5322.97
5334.97
5331.97
5415.33
5317.97
5193.61
5326.97
5326.97
5503.69
5475.69
5503.69
5405.33
5493.69
5603.04
5617.04
5617.04
5617.04
5521.69
5520.69
5617.04
5528.69
5519.69
5589.04
5523.69
5617.04
5602.04
5521.69
5623.04
5401.33
5537.69
5523.69
5519.69
